addr_value=10000013ff000
Start
k = 128
k = 64
k = 32
k = 16
k = 8
k = 4
k = 2
End
running time : 693072


result:
readbuf[0]=5.474446+0.000000i
readbuf[1]=5.584552+-0.281507i
readbuf[2]=5.948066+-0.598805i
readbuf[3]=6.695525+-1.009104i
readbuf[4]=8.216025+-1.648500i
readbuf[5]=12.045368+-3.022704i
readbuf[6]=35.120762+-10.640210i
readbuf[7]=-18.523056+6.675331i
readbuf[8]=-4.914906+2.140439i
readbuf[9]=-1.545747+0.927636i
