addr_value=10000013ff000
Start
k = 512
k = 256
k = 128
k = 64
k = 32
k = 16
k = 8
k = 4
k = 2
End
running time : 3312045


result:
readbuf[0]=6.456290+0.000000i
readbuf[1]=6.463100+0.043326i
readbuf[2]=6.483729+0.087103i
readbuf[3]=6.518479+0.131802i
readbuf[4]=6.568027+0.177983i
readbuf[5]=6.633154+0.226149i
readbuf[6]=6.715131+0.276877i
readbuf[7]=6.815544+0.330907i
readbuf[8]=6.936572+0.389201i
readbuf[9]=7.080716+0.452666i
