addr_value=10000013ff000
Start
k = 256
k = 128
k = 64
k = 32
k = 16
k = 8
k = 4
k = 2
End
running time : 1546936


result:
readbuf[0]=3.850429+0.000000i
readbuf[1]=3.861536+0.212461i
readbuf[2]=3.895669+0.431452i
readbuf[3]=3.955028+0.664307i
readbuf[4]=4.044229+0.920197i
readbuf[5]=4.170333+1.211949i
readbuf[6]=4.346372+1.558245i
readbuf[7]=4.593415+1.990680i
readbuf[8]=4.951778+2.564927i
readbuf[9]=5.503474+3.395434i
