
Start
k = 64
k = 32
k = 16
k = 8
k = 4
k = 2
End
running time : 7010127
readbuf[0]=3.447040+0.000000i
readbuf[1]=6.976279+0.000000i
readbuf[2]=1.592305+0.000000i
readbuf[3]=-2.988043+0.000000i
readbuf[4]=-7.266852+0.000000i
readbuf[5]=11.153968+0.000000i
readbuf[6]=2.596957+0.000000i
readbuf[7]=16.135418+0.000000i
readbuf[8]=5.128492+0.000000i
readbuf[9]=22.356661+0.000000i
readbuf[10]=9.824717+0.000000i
readbuf[11]=2.843012+0.000000i
readbuf[12]=1.853802+0.000000i
readbuf[13]=-16.602182+0.000000i
readbuf[14]=-4.028823+0.000000i
readbuf[15]=5.331820+0.000000i
readbuf[16]=-0.357860+0.000000i
readbuf[17]=2.357174+0.000000i
readbuf[18]=0.825095+0.000000i
readbuf[19]=1.645684+0.000000i
readbuf[20]=-0.926804+0.000000i
readbuf[21]=-7.240582+0.000000i
readbuf[22]=-1.715745+0.000000i
readbuf[23]=2.632305+0.000000i
readbuf[24]=-33.909615+0.000000i
readbuf[25]=1.823947+0.000000i
readbuf[26]=1.245115+0.000000i
readbuf[27]=5.376952+0.000000i
readbuf[28]=2.513041+0.000000i
readbuf[29]=-0.334586+0.000000i
readbuf[30]=0.460433+0.000000i
readbuf[31]=-3.921635+0.000000i
readbuf[32]=-0.201013+0.000000i
readbuf[33]=1.072448+0.000000i
readbuf[34]=0.366435+0.000000i
readbuf[35]=0.805951+0.000000i
readbuf[36]=-0.469373+0.000000i
readbuf[37]=-3.527629+0.000000i
readbuf[38]=-0.835490+0.000000i
readbuf[39]=1.285621+0.000000i
readbuf[40]=-14.315546+0.000000i
readbuf[41]=0.656918+0.000000i
readbuf[42]=0.498504+0.000000i
readbuf[43]=2.308531+0.000000i
readbuf[44]=1.171647+0.000000i
readbuf[45]=-0.316854+0.000000i
readbuf[46]=0.152630+0.000000i
readbuf[47]=-1.904098+0.000000i
readbuf[48]=-0.899105+0.000000i
readbuf[49]=-0.283327+0.000000i
readbuf[50]=-0.046595+0.000000i
readbuf[51]=0.255643+0.000000i
readbuf[52]=0.391361+0.000000i
readbuf[53]=-0.523885+0.000000i
readbuf[54]=-0.110236+0.000000i
readbuf[55]=-0.832819+0.000000i
readbuf[56]=-2.452206+0.000000i
readbuf[57]=-7.456918+0.000000i
readbuf[58]=-3.450928+0.000000i
readbuf[59]=0.162574+0.000000i
readbuf[60]=-1.544562+0.000000i
readbuf[61]=1.006361+0.000000i
readbuf[62]=0.278310+0.000000i
readbuf[63]=-0.069834+0.000000i
read_hit: 442	read_miss: 0	write_hit: 441	write_miss: 0	
read_miss_rate: 0
write_miss_rate: 0
